-4.826416916771036902e-02 -3.343899805829009253e-01
2.572324135108918775e-01 7.898295529075729959e+00
4.608408424091879341e-01 4.887928898127041677e+00
6.490356584711212129e-01 3.900194290958865828e+00
7.167747576292500256e-01 3.135652976392579561e+00
9.677654835230460328e-01 2.332503402376019608e+00
1.299839368649480242e+00 1.139997318231047885e+01
1.433872892748593753e+00 6.098283561240478434e+00
1.621350061787483199e+00 1.009102514712004783e+01
1.760594050539160627e+00 6.162765515152738516e+00
2.037433671655312306e+00 1.552947984481841637e+01
2.149586620645201673e+00 1.137130391847312616e+01
2.420604190947429846e+00 1.333544842856187707e+01
2.715836000099381753e+00 8.389183027010076898e+00
2.927555704142456694e+00 1.140111834931414947e+01
2.965322498261021344e+00 1.016620214728334304e+01
3.196799417258699538e+00 1.784505206048469361e+01
3.461474802350805291e+00 1.116842442322266749e+01
3.548488774032919402e+00 1.462826553124393314e+01
3.769103154510137887e+00 1.793241579685406606e+01
3.987842081335726263e+00 1.151931939719185394e+01
4.193393649831591574e+00 1.303483938112582585e+01
4.427958598755317610e+00 2.301376138074182620e+01
4.620715170760536061e+00 1.501352490612628721e+01
4.794963234645274852e+00 1.948881909567945669e+01
5.000026934165536119e+00 2.340646122265372497e+01
5.235396644987819315e+00 1.474428913276729425e+01
5.379929868186144049e+00 2.158435099214768726e+01
5.607525508050644980e+00 2.655925554053218107e+01
5.938712383997795996e+00 1.697863141886259086e+01
6.083043059812135667e+00 2.784126622446195398e+01
6.339135896007817017e+00 2.461439893401805890e+01
6.562121736273999417e+00 1.909594364285041124e+01
6.702581172883744109e+00 3.006804594784809126e+01
6.842347168348306141e+00 2.043232046770743082e+01
7.013802813102896216e+00 2.746824829937766310e+01
7.224712160513765191e+00 2.458695239989644321e+01
7.425484263447647670e+00 3.136102671786287033e+01
7.586408285565812371e+00 2.937549367561561198e+01
7.939116131885067595e+00 3.000223680400737791e+01
8.085235144297328702e+00 2.476120842878478356e+01
8.272816983163226112e+00 3.468390504907937100e+01
8.505020809988506514e+00 3.241083443023558885e+01
8.587800987968400079e+00 3.117987116577486262e+01
8.975443424746753607e+00 2.869184524439381434e+01
9.068401448854748637e+00 3.467639647573606254e+01
9.329947084537984381e+00 3.809224399682051398e+01
9.483218699650844741e+00 3.798085888755787920e+01
9.714363596087734365e+00 3.480567729130600441e+01
9.966983095972558715e+00 3.196560230663321533e+01
1.005587738594475589e+01 3.535366227576321307e+01
1.024745965468571107e+01 3.149210774119340783e+01
1.050448737735250937e+01 3.722544763628240361e+01
1.064142436558655547e+01 3.985150051745807787e+01
1.097846566629212894e+01 3.796827997689067757e+01
1.113011018287106779e+01 4.291931017543264915e+01
1.130068135176873945e+01 3.468748972721218138e+01
1.157165860822450831e+01 3.737945495117227779e+01
1.165991901319407908e+01 4.000763470849663861e+01
1.194990210745137560e+01 4.232442220530403887e+01
1.218747631066571913e+01 4.660950686275776889e+01
1.241783350475738423e+01 4.127612440565556540e+01
1.255826718008235332e+01 4.021707929091660816e+01
1.282237610748677348e+01 4.032580709640605221e+01
1.285147113173268174e+01 4.379837532195757177e+01
1.304777331809065721e+01 4.736881033530195140e+01
1.342264142434297014e+01 4.740475727800819072e+01
1.346737614137680517e+01 4.662833177814435004e+01
1.381423191156029340e+01 4.407593280880308129e+01
1.397654878414588353e+01 5.107372733391513719e+01
1.419396950102491495e+01 5.332810165766609600e+01
1.437205958714260667e+01 4.240961840705729458e+01
1.453569892795267826e+01 4.944123618987562452e+01
1.466694150719245471e+01 5.474755371188311415e+01
1.491467005297047166e+01 5.090280396571775157e+01
1.522140462856409826e+01 4.879664291345151383e+01
1.536485265933507449e+01 5.400409252713734531e+01
1.559336199206208029e+01 5.412640498193801619e+01
1.569060866276779365e+01 5.413603093545304290e+01
1.589937532849189061e+01 5.507458223889477011e+01
1.623907517065714856e+01 5.147548996442942126e+01
1.636178347558997714e+01 4.965693236569900648e+01
1.654728756942978052e+01 5.928339235441217170e+01
1.673726967591091963e+01 5.186587515158727513e+01
1.704225118453736698e+01 5.468402806354312418e+01
1.724279728450412819e+01 6.017111410124029192e+01
1.733569322598527052e+01 6.211655209644462161e+01
1.756503833344907761e+01 6.025434341458566934e+01
1.770515794835905865e+01 5.484796080527221562e+01
1.802824083392446042e+01 5.555945197284339798e+01
1.823112027026207826e+01 6.254326234713075650e+01
1.833248661625141906e+01 5.800961332179483776e+01
1.862369577321798886e+01 6.670703228064880363e+01
1.877999395892484458e+01 5.655992015930968364e+01
1.889922539158192549e+01 6.170445271580371838e+01
1.910448361182501031e+01 6.408578917780640438e+01
1.937757229813921356e+01 5.813133853773381787e+01
1.956626862894941254e+01 6.585510461313367614e+01
1.983302568166162061e+01 6.685829752863155306e+01
2.005474467653406023e+01 6.997573790154780227e+01
